-1.050000e+00 0.000000e+00
-1.000000e+00 1.145452e-05
-9.500000e-01 6.451712e-06
-9.000000e-01 5.800252e-06
-8.500000e-01 5.015446e-06
-8.000000e-01 4.241792e-06
-7.500000e-01 3.390419e-06
-7.000000e-01 2.083418e-06
-6.500000e-01 5.472551e-07
-6.000000e-01 -9.586373e-07
-5.500000e-01 -3.426758e-06
-5.000000e-01 -5.796407e-06
-4.500000e-01 -9.651139e-06
-4.000000e-01 -1.328831e-05
-3.500000e-01 -1.714129e-05
-3.000000e-01 -2.176232e-05
-2.500000e-01 -2.651452e-05
-2.000000e-01 -3.188434e-05
-1.500000e-01 -3.680474e-05
-1.000000e-01 -4.184342e-05
-5.000000e-02 -4.613416e-05
0.000000e+00 -4.914952e-05
