0.000000e+00 0.000000e+00
5.000000e-02 0.000000e+00
1.000000e-01 8.790419e-06
1.500000e-01 2.368481e-04
2.000000e-01 1.113614e-03
2.500000e-01 3.879967e-03
3.000000e-01 1.248562e-02
3.500000e-01 3.845113e-02
4.000000e-01 1.138830e-01
4.500000e-01 3.240865e-01
5.000000e-01 8.836541e-01
5.500000e-01 2.297563e+00
6.000000e-01 5.658239e+00
6.500000e-01 1.307565e+01
7.000000e-01 2.803920e+01
7.500000e-01 5.520984e+01
8.000000e-01 9.920209e+01
8.500000e-01 1.602402e+02
9.000000e-01 2.355827e+02
9.500000e-01 3.219460e+02
1.000000e+00 4.148693e+02
