-1.050000e+00 0.000000e+00
-1.000000e+00 0.000000e+00
-9.500000e-01 0.000000e+00
-9.000000e-01 0.000000e+00
-8.500000e-01 0.000000e+00
-8.000000e-01 0.000000e+00
-7.500000e-01 0.000000e+00
-7.000000e-01 0.000000e+00
-6.500000e-01 0.000000e+00
-6.000000e-01 0.000000e+00
-5.500000e-01 0.000000e+00
-5.000000e-01 0.000000e+00
-4.500000e-01 0.000000e+00
-4.000000e-01 0.000000e+00
-3.500000e-01 0.000000e+00
-3.000000e-01 0.000000e+00
-2.500000e-01 1.036141e+04
-2.000000e-01 4.012730e+04
-1.500000e-01 6.633212e+04
-1.000000e-01 8.541854e+04
-5.000000e-02 9.720533e+04
0.000000e+00 1.076517e+05
