-1.050000e+00 0.000000e+00
-1.000000e+00 0.000000e+00
-9.500000e-01 0.000000e+00
-9.000000e-01 0.000000e+00
-8.500000e-01 0.000000e+00
-8.000000e-01 0.000000e+00
-7.500000e-01 2.533956e+04
-7.000000e-01 1.020767e+04
-6.500000e-01 4.109135e+03
-6.000000e-01 1.686895e+03
-5.500000e-01 7.066136e+02
-5.000000e-01 3.017068e+02
-4.500000e-01 1.311421e+02
-4.000000e-01 5.795938e+01
-3.500000e-01 2.601857e+01
-3.000000e-01 1.150871e+01
-2.500000e-01 5.305863e+00
-2.000000e-01 2.392250e+00
-1.500000e-01 1.125180e+00
-1.000000e-01 5.106641e-01
-5.000000e-02 2.396401e-01
0.000000e+00 9.819669e-02
