-1.050000e+00 0.000000e+00
-1.000000e+00 -2.554747e-03
-9.500000e-01 -2.297330e-03
-9.000000e-01 -2.045275e-03
-8.500000e-01 -1.800541e-03
-8.000000e-01 -1.563519e-03
-7.500000e-01 -1.333475e-03
-7.000000e-01 -1.117367e-03
-6.500000e-01 -9.190554e-04
-6.000000e-01 -7.413081e-04
-5.500000e-01 -5.855770e-04
-5.000000e-01 -4.525723e-04
-4.500000e-01 -3.417987e-04
-4.000000e-01 -2.520718e-04
-3.500000e-01 -1.816558e-04
-3.000000e-01 -1.283292e-04
-2.500000e-01 -8.961857e-05
-2.000000e-01 -6.303263e-05
-1.500000e-01 -4.625609e-05
-1.000000e-01 -3.723997e-05
-5.000000e-02 -3.387617e-05
0.000000e+00 -3.255923e-05
