0.0 0.0
0.02 8.429147276050553e-14
0.04 8.25099032877944e-13
0.06 1.7315387288209052e-12
0.08 2.180630842494844e-12
0.1 5.844527632680488e-12
0.12 8.280528282603577e-12
0.14 1.854523307984352e-11
0.16 4.1559772892660444e-11
0.18 9.026063487776908e-11
0.2 2.636131358551878e-10
0.22 3.41751815277502e-10
0.24 5.331996234972069e-10
0.26 -1.5067333927932677e-05
0.28 1.4970215303666448e-09
0.3 4.322011683852396e-09
0.32 4.662598880065995e-09
0.34 7.736087386962142e-09
0.36 1.2684147272873305e-08
0.38 2.0636801983321274e-08
0.4 4.828740211633422e-08
0.42 5.0957787605079025e-08
0.44 8.184322686163922e-08
0.46 1.3090665355527844e-07
0.48 2.0929319258432925e-07
0.5 4.5509904049448105e-10
0.52 6.109750815902638e-06
0.54 8.471443370024404e-07
0.56 1.3441402562962003e-06
0.58 2.140076371940705e-06
0.6 2.0902277529147057e-08
0.62 5.469374726063314e-06
0.64 0.0003697199429749711
0.66 0.0003153202623818481
0.68 0.00026802673444305383
0.7 9.91038647811219e-07
0.72 5.84681376937747e-05
0.74 0.011876819060440016
0.76 0.01242320180521506
0.78 0.014376898262119327
0.8 5.140395326686402e-05
