Rs(Ohm)	Rsh(Ohm)	R2	Log-RMSE	RMSE	MAE
30	800	0.2613	1.3657	2.8645e-04	2.0766e-04
30	900	0.4471	1.3301	2.4782e-04	1.8091e-04
30	1000	0.5523	1.2988	2.2299e-04	1.6375e-04
30	1100	0.6092	1.2711	2.0835e-04	1.5230e-04
30	1200	0.6361	1.2464	2.0104e-04	1.4486e-04
30	1500	0.6290	1.1855	2.0300e-04	1.3579e-04
35	800	0.2733	1.3638	2.8411e-04	2.0595e-04
35	900	0.4538	1.3284	2.4631e-04	1.7984e-04
35	1000	0.5559	1.2974	2.2210e-04	1.6311e-04
35	1100	0.6108	1.2698	2.0791e-04	1.5195e-04
35	1200	0.6365	1.2452	2.0092e-04	1.4457e-04
35	1500	0.6276	1.1847	2.0337e-04	1.3582e-04
40	800	0.2849	1.3619	2.8183e-04	2.0426e-04
40	900	0.4603	1.3268	2.4484e-04	1.7879e-04
40	1000	0.5593	1.2959	2.2124e-04	1.6247e-04
40	1100	0.6124	1.2685	2.0749e-04	1.5160e-04
40	1200	0.6369	1.2441	2.0081e-04	1.4428e-04
40	1500	0.6264	1.1838	2.0372e-04	1.3584e-04
45	800	0.2962	1.3600	2.7960e-04	2.0260e-04
45	900	0.4666	1.3251	2.4341e-04	1.7774e-04
45	1000	0.5627	1.2945	2.2040e-04	1.6184e-04
45	1100	0.6139	1.2673	2.0709e-04	1.5125e-04
45	1200	0.6373	1.2429	2.0072e-04	1.4399e-04
45	1500	0.6252	1.1830	2.0403e-04	1.3585e-04
50	800	0.3071	1.3582	2.7741e-04	2.0095e-04
50	900	0.4727	1.3235	2.4202e-04	1.7671e-04
50	1000	0.5659	1.2930	2.1959e-04	1.6122e-04
50	1100	0.6153	1.2660	2.0671e-04	1.5090e-04
50	1200	0.6376	1.2418	2.0064e-04	1.4370e-04
50	1500	0.6241	1.1821	2.0435e-04	1.3585e-04
55	800	0.3178	1.3563	2.7528e-04	1.9933e-04
55	900	0.4786	1.3219	2.4065e-04	1.7568e-04
55	1000	0.5690	1.2916	2.1881e-04	1.6060e-04
55	1100	0.6167	1.2647	2.0635e-04	1.5056e-04
55	1200	0.6378	1.2406	2.0057e-04	1.4341e-04
55	1500	0.6229	1.1813	2.0466e-04	1.3586e-04
