-1.050000e+00 0.000000e+00
-1.000000e+00 0.000000e+00
-9.500000e-01 0.000000e+00
-9.000000e-01 0.000000e+00
-8.500000e-01 0.000000e+00
-8.000000e-01 0.000000e+00
-7.500000e-01 0.000000e+00
-7.000000e-01 0.000000e+00
-6.500000e-01 3.028126e+04
-6.000000e-01 1.716876e+04
-5.500000e-01 7.140426e+03
-5.000000e-01 3.028857e+03
-4.500000e-01 1.309276e+03
-4.000000e-01 5.769298e+02
-3.500000e-01 2.588144e+02
-3.000000e-01 1.180118e+02
-2.500000e-01 5.461644e+01
-2.000000e-01 2.562268e+01
-1.500000e-01 1.217062e+01
-1.000000e-01 5.649429e+00
-5.000000e-02 2.728170e+00
0.000000e+00 1.311406e+00
