-1.050000e+00 0.000000e+00
-1.000000e+00 0.000000e+00
-9.500000e-01 0.000000e+00
-9.000000e-01 0.000000e+00
-8.500000e-01 0.000000e+00
-8.000000e-01 0.000000e+00
-7.500000e-01 0.000000e+00
-7.000000e-01 0.000000e+00
-6.500000e-01 0.000000e+00
-6.000000e-01 0.000000e+00
-5.500000e-01 0.000000e+00
-5.000000e-01 0.000000e+00
-4.500000e-01 1.303553e+00
-4.000000e-01 8.528964e-01
-3.500000e-01 4.314980e-01
-3.000000e-01 2.119119e-01
-2.500000e-01 1.104932e-01
-2.000000e-01 5.561171e-02
-1.500000e-01 2.978622e-02
-1.000000e-01 1.518921e-02
-5.000000e-02 7.653890e-03
0.000000e+00 3.441502e-03
