0.000000e+00 -7.926870e+06 -7.925005e+06
1.000000e-09 -7.926870e+06 -7.925005e+06
2.000000e-09 -7.933346e+06 -7.930108e+06
3.000000e-09 -7.941845e+06 -7.937596e+06
4.000000e-09 -7.951834e+06 -7.946840e+06
5.000000e-09 -7.962919e+06 -7.957376e+06
6.000000e-09 -7.974811e+06 -7.968865e+06
7.000000e-09 -7.987297e+06 -7.981054e+06
8.000000e-09 -8.000221e+06 -7.993759e+06
9.000000e-09 -8.013465e+06 -8.006843e+06
1.000000e-08 -8.026946e+06 -8.020206e+06
1.100000e-08 -8.040600e+06 -8.033773e+06
1.200000e-08 -8.054381e+06 -8.047490e+06
1.300000e-08 -8.068256e+06 -8.061318e+06
1.400000e-08 -8.082199e+06 -8.075227e+06
1.500000e-08 -8.096192e+06 -8.089196e+06
1.600000e-08 -8.110222e+06 -8.103207e+06
1.700000e-08 -8.124279e+06 -8.117251e+06
1.800000e-08 -8.138356e+06 -8.131318e+06
1.900000e-08 -8.152448e+06 -8.145402e+06
2.000000e-08 -8.166549e+06 -8.159498e+06
2.100000e-08 -8.180659e+06 -8.173604e+06
2.200000e-08 -8.194774e+06 -8.187716e+06
2.300000e-08 -8.208893e+06 -8.201833e+06
2.400000e-08 -8.223015e+06 -8.215954e+06
2.500000e-08 -8.237140e+06 -8.230077e+06
2.600000e-08 -8.251266e+06 -8.244203e+06
2.700000e-08 -8.265393e+06 -8.258329e+06
2.800000e-08 -8.279521e+06 -8.272457e+06
2.900000e-08 -8.293649e+06 -8.286585e+06
3.000000e-08 -8.307778e+06 -8.300714e+06
3.100000e-08 -8.321907e+06 -8.314843e+06
3.200000e-08 -8.336037e+06 -8.328972e+06
3.300000e-08 -8.350167e+06 -8.343102e+06
3.400000e-08 -8.364297e+06 -8.357232e+06
3.500000e-08 -8.378427e+06 -8.371362e+06
3.600000e-08 -8.392557e+06 -8.385492e+06
3.700000e-08 -8.406687e+06 -8.399622e+06
3.800000e-08 -8.420817e+06 -8.413752e+06
3.900000e-08 -8.434947e+06 -8.427882e+06
4.000000e-08 -8.152343e+06 -8.293645e+06
4.100000e-08 -7.869739e+06 -8.011041e+06
4.200000e-08 -7.587135e+06 -7.728437e+06
4.300000e-08 -7.304532e+06 -7.445834e+06
4.400000e-08 -7.021928e+06 -7.163230e+06
4.500000e-08 -6.739324e+06 -6.880626e+06
4.600000e-08 -6.456720e+06 -6.598022e+06
4.700000e-08 -6.174116e+06 -6.315418e+06
4.800000e-08 -5.891513e+06 -6.032815e+06
4.900000e-08 -5.608909e+06 -5.750211e+06
5.000000e-08 -5.326305e+06 -5.467607e+06
5.100000e-08 -5.043701e+06 -5.185003e+06
5.200000e-08 -4.761097e+06 -4.902399e+06
5.300000e-08 -4.478494e+06 -4.619796e+06
5.400000e-08 -4.195890e+06 -4.337192e+06
5.500000e-08 -3.913286e+06 -4.054588e+06
5.600000e-08 -3.630682e+06 -3.771984e+06
5.700000e-08 -3.348078e+06 -3.489380e+06
5.800000e-08 -3.065475e+06 -3.206777e+06
5.900000e-08 -2.782871e+06 -2.924173e+06
6.000000e-08 -2.500267e+06 -2.641569e+06
6.100000e-08 -2.217663e+06 -2.358965e+06
6.200000e-08 -1.935059e+06 -2.076361e+06
6.300000e-08 -1.652456e+06 -1.793758e+06
6.400000e-08 -1.369852e+06 -1.511154e+06
6.500000e-08 -1.087248e+06 -1.228550e+06
6.600000e-08 -8.046443e+05 -9.459462e+05
6.700000e-08 -5.220405e+05 -6.633424e+05
6.800000e-08 -2.394367e+05 -3.807386e+05
6.900000e-08 4.316708e+04 -9.813482e+04
7.000000e-08 3.257709e+05 1.844690e+05
7.100000e-08 6.083747e+05 4.670728e+05
7.200000e-08 8.909785e+05 7.496766e+05
7.300000e-08 1.173582e+06 1.032280e+06
7.400000e-08 1.456186e+06 1.314884e+06
7.500000e-08 1.738790e+06 1.597488e+06
7.600000e-08 2.021394e+06 1.880092e+06
7.700000e-08 2.303997e+06 2.162696e+06
7.800000e-08 2.586601e+06 2.445299e+06
7.900000e-08 2.869205e+06 2.727903e+06
8.000000e-08 3.151809e+06 3.010507e+06
8.100000e-08 3.434413e+06 3.293111e+06
8.200000e-08 3.717016e+06 3.575714e+06
8.300000e-08 3.999620e+06 3.858318e+06
8.400000e-08 4.282224e+06 4.140922e+06
8.500000e-08 4.564828e+06 4.423526e+06
8.600000e-08 4.847432e+06 4.706130e+06
8.700000e-08 5.130035e+06 4.988733e+06
8.800000e-08 5.412639e+06 5.271337e+06
8.900000e-08 5.695243e+06 5.553941e+06
9.000000e-08 5.977847e+06 5.836545e+06
9.100000e-08 6.260451e+06 6.119149e+06
9.200000e-08 6.543054e+06 6.401752e+06
9.300000e-08 6.825658e+06 6.684356e+06
9.400000e-08 7.108262e+06 6.966960e+06
9.500000e-08 7.390866e+06 7.249564e+06
9.600000e-08 7.673470e+06 7.532168e+06
9.700000e-08 7.956073e+06 7.814772e+06
9.800000e-08 8.238677e+06 8.097375e+06
9.900000e-08 8.238677e+06 8.097375e+06
