0.000000e+00 1.172021e+00 -1.647927e-02
1.000000e-09 1.164098e+00 -2.440241e-02
2.000000e-09 1.156171e+00 -3.232928e-02
3.000000e-09 1.148237e+00 -4.026262e-02
4.000000e-09 1.140296e+00 -4.820447e-02
5.000000e-09 1.132344e+00 -5.615630e-02
6.000000e-09 1.124381e+00 -6.411922e-02
7.000000e-09 1.116406e+00 -7.209403e-02
8.000000e-09 1.108419e+00 -8.008133e-02
9.000000e-09 1.100418e+00 -8.808155e-02
1.000000e-08 1.092405e+00 -9.609501e-02
1.100000e-08 1.084378e+00 -1.041220e-01
1.200000e-08 1.076337e+00 -1.121626e-01
1.300000e-08 1.068283e+00 -1.202169e-01
1.400000e-08 1.060215e+00 -1.282852e-01
1.500000e-08 1.052133e+00 -1.363674e-01
1.600000e-08 1.044036e+00 -1.444636e-01
1.700000e-08 1.035926e+00 -1.525738e-01
1.800000e-08 1.027802e+00 -1.606981e-01
1.900000e-08 1.019664e+00 -1.688364e-01
2.000000e-08 1.011511e+00 -1.769889e-01
2.100000e-08 1.003345e+00 -1.851554e-01
2.200000e-08 9.951639e-01 -1.933361e-01
2.300000e-08 9.869691e-01 -2.015309e-01
2.400000e-08 9.787602e-01 -2.097398e-01
2.500000e-08 9.705372e-01 -2.179628e-01
2.600000e-08 9.623001e-01 -2.261999e-01
2.700000e-08 9.540488e-01 -2.344512e-01
2.800000e-08 9.457834e-01 -2.427166e-01
2.900000e-08 9.375039e-01 -2.509961e-01
3.000000e-08 9.292102e-01 -2.592898e-01
3.100000e-08 9.209025e-01 -2.675975e-01
3.200000e-08 9.125806e-01 -2.759194e-01
3.300000e-08 9.042445e-01 -2.842555e-01
3.400000e-08 8.958944e-01 -2.926056e-01
3.500000e-08 8.875301e-01 -3.009699e-01
3.600000e-08 8.791516e-01 -3.093484e-01
3.700000e-08 8.707591e-01 -3.177409e-01
3.800000e-08 8.623524e-01 -3.261476e-01
3.900000e-08 8.539316e-01 -3.345684e-01
4.000000e-08 8.454966e-01 -3.430034e-01
4.100000e-08 8.373443e-01 -3.511557e-01
4.200000e-08 8.294745e-01 -3.590255e-01
4.300000e-08 8.218874e-01 -3.666126e-01
4.400000e-08 8.145829e-01 -3.739171e-01
4.500000e-08 8.075610e-01 -3.809390e-01
4.600000e-08 8.008216e-01 -3.876784e-01
4.700000e-08 7.943649e-01 -3.941351e-01
4.800000e-08 7.881908e-01 -4.003092e-01
4.900000e-08 7.822993e-01 -4.062007e-01
5.000000e-08 7.766904e-01 -4.118096e-01
5.100000e-08 7.713641e-01 -4.171359e-01
5.200000e-08 7.663204e-01 -4.221796e-01
5.300000e-08 7.615593e-01 -4.269407e-01
5.400000e-08 7.570808e-01 -4.314192e-01
5.500000e-08 7.528849e-01 -4.356151e-01
5.600000e-08 7.489716e-01 -4.395284e-01
5.700000e-08 7.453409e-01 -4.431591e-01
5.800000e-08 7.419928e-01 -4.465072e-01
5.900000e-08 7.389274e-01 -4.495726e-01
6.000000e-08 7.361445e-01 -4.523555e-01
6.100000e-08 7.336442e-01 -4.548558e-01
6.200000e-08 7.314266e-01 -4.570734e-01
6.300000e-08 7.294915e-01 -4.590085e-01
6.400000e-08 7.278390e-01 -4.606610e-01
6.500000e-08 7.264692e-01 -4.620308e-01
6.600000e-08 7.253819e-01 -4.631181e-01
6.700000e-08 7.245773e-01 -4.639227e-01
6.800000e-08 7.240553e-01 -4.644447e-01
6.900000e-08 7.238158e-01 -4.646842e-01
7.000000e-08 7.238590e-01 -4.646410e-01
7.100000e-08 7.241848e-01 -4.643152e-01
7.200000e-08 7.247931e-01 -4.637069e-01
7.300000e-08 7.256841e-01 -4.628159e-01
7.400000e-08 7.268577e-01 -4.616423e-01
7.500000e-08 7.283139e-01 -4.601861e-01
7.600000e-08 7.300527e-01 -4.584473e-01
7.700000e-08 7.320741e-01 -4.564259e-01
7.800000e-08 7.343781e-01 -4.541219e-01
7.900000e-08 7.369647e-01 -4.515353e-01
8.000000e-08 7.398339e-01 -4.486661e-01
8.100000e-08 7.429857e-01 -4.455143e-01
8.200000e-08 7.464201e-01 -4.420799e-01
8.300000e-08 7.501371e-01 -4.383629e-01
8.400000e-08 7.541367e-01 -4.343633e-01
8.500000e-08 7.584190e-01 -4.300810e-01
8.600000e-08 7.629838e-01 -4.255162e-01
8.700000e-08 7.678312e-01 -4.206688e-01
8.800000e-08 7.729612e-01 -4.155388e-01
8.900000e-08 7.783739e-01 -4.101261e-01
9.000000e-08 7.840691e-01 -4.044309e-01
9.100000e-08 7.900470e-01 -3.984530e-01
9.200000e-08 7.963074e-01 -3.921926e-01
9.300000e-08 8.028505e-01 -3.856495e-01
9.400000e-08 8.096761e-01 -3.788239e-01
9.500000e-08 8.167844e-01 -3.717156e-01
9.600000e-08 8.241753e-01 -3.643247e-01
9.700000e-08 8.318487e-01 -3.566513e-01
9.800000e-08 8.398048e-01 -3.486952e-01
9.900000e-08 8.480435e-01 -3.404565e-01
