0.000000e+00 -4.229216e+02
1.000000e-09 -4.229216e+02
2.000000e-09 -7.343310e+02
3.000000e-09 -9.636656e+02
4.000000e-09 -1.132551e+03
5.000000e-09 -1.256900e+03
6.000000e-09 -1.348432e+03
7.000000e-09 -1.415785e+03
8.000000e-09 -1.465326e+03
9.000000e-09 -1.501750e+03
1.000000e-08 -1.528517e+03
1.100000e-08 -1.548178e+03
1.200000e-08 -1.562612e+03
1.300000e-08 -1.573203e+03
1.400000e-08 -1.580970e+03
1.500000e-08 -1.586664e+03
1.600000e-08 -1.590834e+03
1.700000e-08 -1.593888e+03
1.800000e-08 -1.596123e+03
1.900000e-08 -1.597758e+03
2.000000e-08 -1.598953e+03
2.100000e-08 -1.599826e+03
2.200000e-08 -1.600463e+03
2.300000e-08 -1.600929e+03
2.400000e-08 -1.601268e+03
2.500000e-08 -1.601515e+03
2.600000e-08 -1.601696e+03
2.700000e-08 -1.601827e+03
2.800000e-08 -1.601922e+03
2.900000e-08 -1.601992e+03
3.000000e-08 -1.602042e+03
3.100000e-08 -1.602079e+03
3.200000e-08 -1.602106e+03
3.300000e-08 -1.602125e+03
3.400000e-08 -1.602139e+03
3.500000e-08 -1.602149e+03
3.600000e-08 -1.602157e+03
3.700000e-08 -1.602162e+03
3.800000e-08 -1.602166e+03
3.900000e-08 -1.602169e+03
4.000000e-08 3.204353e+04
4.100000e-08 3.204352e+04
4.200000e-08 3.204352e+04
4.300000e-08 3.204352e+04
4.400000e-08 3.204352e+04
4.500000e-08 3.204352e+04
4.600000e-08 3.204352e+04
4.700000e-08 3.204352e+04
4.800000e-08 3.204352e+04
4.900000e-08 3.204352e+04
5.000000e-08 3.204352e+04
5.100000e-08 3.204352e+04
5.200000e-08 3.204352e+04
5.300000e-08 3.204352e+04
5.400000e-08 3.204352e+04
5.500000e-08 3.204352e+04
5.600000e-08 3.204352e+04
5.700000e-08 3.204352e+04
5.800000e-08 3.204352e+04
5.900000e-08 3.204352e+04
6.000000e-08 3.204352e+04
6.100000e-08 3.204352e+04
6.200000e-08 3.204352e+04
6.300000e-08 3.204352e+04
6.400000e-08 3.204352e+04
6.500000e-08 3.204352e+04
6.600000e-08 3.204352e+04
6.700000e-08 3.204352e+04
6.800000e-08 3.204352e+04
6.900000e-08 3.204352e+04
7.000000e-08 3.204352e+04
7.100000e-08 3.204352e+04
7.200000e-08 3.204352e+04
7.300000e-08 3.204352e+04
7.400000e-08 3.204352e+04
7.500000e-08 3.204352e+04
7.600000e-08 3.204352e+04
7.700000e-08 3.204352e+04
7.800000e-08 3.204352e+04
7.900000e-08 3.204352e+04
8.000000e-08 3.204352e+04
8.100000e-08 3.204352e+04
8.200000e-08 3.204352e+04
8.300000e-08 3.204352e+04
8.400000e-08 3.204352e+04
8.500000e-08 3.204352e+04
8.600000e-08 3.204352e+04
8.700000e-08 3.204352e+04
8.800000e-08 3.204352e+04
8.900000e-08 3.204352e+04
9.000000e-08 3.204352e+04
9.100000e-08 3.204352e+04
9.200000e-08 3.204352e+04
9.300000e-08 3.204352e+04
9.400000e-08 3.204352e+04
9.500000e-08 3.204352e+04
9.600000e-08 3.204352e+04
9.700000e-08 3.204352e+04
9.800000e-08 3.204352e+04
9.900000e-08 3.204352e+04
