-1.050000e+00 0.000000e+00
-1.000000e+00 0.000000e+00
-9.500000e-01 0.000000e+00
-9.000000e-01 0.000000e+00
-8.500000e-01 0.000000e+00
-8.000000e-01 0.000000e+00
-7.500000e-01 0.000000e+00
-7.000000e-01 0.000000e+00
-6.500000e-01 0.000000e+00
-6.000000e-01 0.000000e+00
-5.500000e-01 1.893654e+03
-5.000000e-01 3.799526e+04
-4.500000e-01 1.668554e+04
-4.000000e-01 7.281213e+03
-3.500000e-01 3.233917e+03
-3.000000e-01 1.466586e+03
-2.500000e-01 6.764982e+02
-2.000000e-01 3.174587e+02
-1.500000e-01 1.512539e+02
-1.000000e-01 7.303294e+01
-5.000000e-02 3.465182e+01
0.000000e+00 1.705012e+01
