0.000000e+00 8.166200e+01 7.360330e+15
1.000000e-09 8.166200e+01 7.360330e+15
2.000000e-09 1.109648e+02 5.416664e+15
3.000000e-09 1.508202e+02 3.985270e+15
4.000000e-09 2.050579e+02 2.931169e+15
5.000000e-09 2.789082e+02 2.155044e+15
6.000000e-09 3.795178e+02 1.583744e+15
7.000000e-09 5.166577e+02 1.163361e+15
8.000000e-09 7.036933e+02 8.541495e+14
9.000000e-09 9.589170e+02 6.268105e+14
1.000000e-08 1.307378e+03 4.597441e+14
1.100000e-08 1.783396e+03 3.370308e+14
1.200000e-08 2.434017e+03 2.469413e+14
1.300000e-08 3.323771e+03 1.808365e+14
1.400000e-08 4.541210e+03 1.323566e+14
1.500000e-08 6.207924e+03 9.682130e+13
1.600000e-08 8.490949e+03 7.078823e+13
1.700000e-08 1.161988e+04 5.172679e+13
1.800000e-08 1.591049e+04 3.777755e+13
1.900000e-08 2.179725e+04 2.757501e+13
2.000000e-08 2.987835e+04 2.011688e+13
2.100000e-08 4.097777e+04 1.466793e+13
2.200000e-08 5.623118e+04 1.068907e+13
2.300000e-08 7.720459e+04 7.785279e+12
2.400000e-08 1.060587e+05 5.667232e+12
2.500000e-08 1.457762e+05 4.123164e+12
2.600000e-08 2.004769e+05 2.998147e+12
2.700000e-08 2.758540e+05 2.178904e+12
2.800000e-08 3.797795e+05 1.582653e+12
2.900000e-08 5.231439e+05 1.148937e+12
3.000000e-08 7.210214e+05 8.336219e+11
3.100000e-08 9.942887e+05 6.045118e+11
3.200000e-08 1.371874e+06 4.381301e+11
3.300000e-08 1.893883e+06 3.173687e+11
3.400000e-08 2.615951e+06 2.297670e+11
3.500000e-08 3.615293e+06 1.662546e+11
3.600000e-08 4.999133e+06 1.202327e+11
3.700000e-08 6.916449e+06 8.690286e+10
3.800000e-08 9.574346e+06 6.277810e+10
3.900000e-08 1.326088e+07 4.532574e+10
4.000000e-08 1.837694e+07 3.270726e+10
4.100000e-08 2.518989e+07 2.386113e+10
4.200000e-08 3.415324e+07 1.759890e+10
4.300000e-08 4.580258e+07 1.312283e+10
4.400000e-08 6.075758e+07 9.892744e+09
4.500000e-08 7.971931e+07 7.539695e+09
4.600000e-08 1.034616e+08 5.809493e+09
4.700000e-08 1.328150e+08 4.525539e+09
4.800000e-08 1.686427e+08 3.564100e+09
4.900000e-08 2.118070e+08 2.837768e+09
5.000000e-08 2.631272e+08 2.284292e+09
5.100000e-08 3.233282e+08 1.858976e+09
5.200000e-08 3.929832e+08 1.529478e+09
5.300000e-08 4.724510e+08 1.272215e+09
5.400000e-08 5.618133e+08 1.069856e+09
5.500000e-08 6.608148e+08 9.095729e+08
5.600000e-08 7.688117e+08 7.818029e+08
5.700000e-08 8.847339e+08 6.793672e+08
5.800000e-08 1.007066e+09 5.968421e+08
5.900000e-08 1.133850e+09 5.301049e+08
6.000000e-08 1.262716e+09 4.760052e+08
6.100000e-08 1.390939e+09 4.321247e+08
6.200000e-08 1.515525e+09 3.966012e+08
6.300000e-08 1.633318e+09 3.679989e+08
6.400000e-08 1.741128e+09 3.452125e+08
6.500000e-08 1.835875e+09 3.273965e+08
6.600000e-08 1.914733e+09 3.139129e+08
6.700000e-08 1.975266e+09 3.042928e+08
6.800000e-08 2.015559e+09 2.982098e+08
6.900000e-08 2.034313e+09 2.954606e+08
7.000000e-08 2.030919e+09 2.959543e+08
7.100000e-08 2.005487e+09 2.997073e+08
7.200000e-08 1.958843e+09 3.068440e+08
7.300000e-08 1.892483e+09 3.176036e+08
7.400000e-08 1.808492e+09 3.323538e+08
7.500000e-08 1.709440e+09 3.516118e+08
7.600000e-08 1.598245e+09 3.760744e+08
7.700000e-08 1.478038e+09 4.066602e+08
7.800000e-08 1.352011e+09 4.445669e+08
7.900000e-08 1.223284e+09 4.913489e+08
8.000000e-08 1.094780e+09 5.490229e+08
8.100000e-08 9.691229e+08 6.202095e+08
8.200000e-08 8.485615e+08 7.083273e+08
8.300000e-08 7.349204e+08 8.178563e+08
8.400000e-08 6.295783e+08 9.547014e+08
8.500000e-08 5.334720e+08 1.126693e+09
8.600000e-08 4.471220e+08 1.344285e+09
8.700000e-08 3.706746e+08 1.621528e+09
8.800000e-08 3.039570e+08 1.977448e+09
8.900000e-08 2.465381e+08 2.437998e+09
9.000000e-08 1.977918e+08 3.038849e+09
9.100000e-08 1.569585e+08 3.829414e+09
9.200000e-08 1.232010e+08 4.878689e+09
9.300000e-08 9.565240e+07 6.283787e+09
9.400000e-08 7.345646e+07 8.182524e+09
9.500000e-08 5.579774e+07 1.077211e+10
9.600000e-08 4.192333e+07 1.433711e+10
9.700000e-08 3.115640e+07 1.929168e+10
9.800000e-08 2.290294e+07 2.624375e+10
9.900000e-08 2.290294e+07 2.624375e+10
