-1.050000e+00 0.000000e+00
-1.000000e+00 -1.552641e-07
-9.500000e-01 -1.552641e-07
-9.000000e-01 -1.552641e-07
-8.500000e-01 -1.552641e-07
-8.000000e-01 -1.552641e-07
-7.500000e-01 -1.552641e-07
-7.000000e-01 -1.552641e-07
-6.500000e-01 -1.552641e-07
-6.000000e-01 -1.552641e-07
-5.500000e-01 -1.552641e-07
-5.000000e-01 -1.552641e-07
-4.500000e-01 -1.552641e-07
-4.000000e-01 -1.552641e-07
-3.500000e-01 -1.552641e-07
-3.000000e-01 -1.552641e-07
-2.500000e-01 -1.552641e-07
-2.000000e-01 -1.552641e-07
-1.500000e-01 -1.552641e-07
-1.000000e-01 -1.552641e-07
-5.000000e-02 -1.552641e-07
0.000000e+00 -1.552641e-07
