0.000000e+00 0.000000e+00
5.000000e-02 1.091150e-03
1.000000e-01 1.256287e-03
1.500000e-01 2.815899e-03
2.000000e-01 6.385092e-03
2.500000e-01 1.410329e-02
3.000000e-01 3.039803e-02
3.500000e-01 6.407137e-02
4.000000e-01 1.314477e-01
4.500000e-01 2.571736e-01
5.000000e-01 4.551875e-01
5.500000e-01 6.607210e-01
6.000000e-01 5.420577e-01
6.500000e-01 5.420577e-01
7.000000e-01 5.420577e-01
7.500000e-01 5.420577e-01
8.000000e-01 5.420577e-01
8.500000e-01 5.420577e-01
9.000000e-01 5.420577e-01
9.500000e-01 5.420577e-01
1.000000e+00 5.420577e-01
