-1.050000e+00 0.000000e+00
-1.000000e+00 0.000000e+00
-9.500000e-01 0.000000e+00
-9.000000e-01 0.000000e+00
-8.500000e-01 0.000000e+00
-8.000000e-01 0.000000e+00
-7.500000e-01 0.000000e+00
-7.000000e-01 0.000000e+00
-6.500000e-01 0.000000e+00
-6.000000e-01 0.000000e+00
-5.500000e-01 4.141717e+03
-5.000000e-01 2.400559e+04
-4.500000e-01 5.206197e+04
-4.000000e-01 3.918442e+04
-3.500000e-01 1.736267e+04
-3.000000e-01 7.779242e+03
-2.500000e-01 3.550897e+03
-2.000000e-01 1.654330e+03
-1.500000e-01 7.841210e+02
-1.000000e-01 3.774360e+02
-5.000000e-02 1.791670e+02
0.000000e+00 8.835195e+01
