-1.050000e+00 0.000000e+00
-1.000000e+00 0.000000e+00
-9.500000e-01 0.000000e+00
-9.000000e-01 0.000000e+00
-8.500000e-01 0.000000e+00
-8.000000e-01 0.000000e+00
-7.500000e-01 0.000000e+00
-7.000000e-01 0.000000e+00
-6.500000e-01 0.000000e+00
-6.000000e-01 0.000000e+00
-5.500000e-01 0.000000e+00
-5.000000e-01 0.000000e+00
-4.500000e-01 0.000000e+00
-4.000000e-01 2.182122e+04
-3.500000e-01 5.177568e+04
-3.000000e-01 8.261530e+04
-2.500000e-01 1.027841e+05
-2.000000e-01 9.876428e+04
-1.500000e-01 9.476147e+04
-1.000000e-01 8.864150e+04
-5.000000e-02 8.454418e+04
0.000000e+00 7.380269e+04
