-1.050000e+00 0.000000e+00
-1.000000e+00 0.000000e+00
-9.500000e-01 0.000000e+00
-9.000000e-01 0.000000e+00
-8.500000e-01 0.000000e+00
-8.000000e-01 0.000000e+00
-7.500000e-01 0.000000e+00
-7.000000e-01 0.000000e+00
-6.500000e-01 0.000000e+00
-6.000000e-01 0.000000e+00
-5.500000e-01 0.000000e+00
-5.000000e-01 3.446142e+04
-4.500000e-01 1.714144e+04
-4.000000e-01 7.484543e+03
-3.500000e-01 3.320253e+03
-3.000000e-01 1.504018e+03
-2.500000e-01 6.937750e+02
-2.000000e-01 3.255789e+02
-1.500000e-01 1.552085e+02
-1.000000e-01 7.501223e+01
-5.000000e-02 3.668464e+01
0.000000e+00 1.758298e+01
