-1.050000e+00 0.000000e+00
-1.000000e+00 0.000000e+00
-9.500000e-01 0.000000e+00
-9.000000e-01 0.000000e+00
-8.500000e-01 0.000000e+00
-8.000000e-01 0.000000e+00
-7.500000e-01 0.000000e+00
-7.000000e-01 0.000000e+00
-6.500000e-01 0.000000e+00
-6.000000e-01 0.000000e+00
-5.500000e-01 2.054933e+04
-5.000000e-01 3.780661e+04
-4.500000e-01 1.626336e+04
-4.000000e-01 7.093488e+03
-3.500000e-01 3.154362e+03
-3.000000e-01 1.430233e+03
-2.500000e-01 6.596623e+02
-2.000000e-01 3.094082e+02
-1.500000e-01 1.472879e+02
-1.000000e-01 6.900893e+01
-5.000000e-02 3.361367e+01
0.000000e+00 1.596097e+01
