-1.050000e+00 0.000000e+00
-1.000000e+00 0.000000e+00
-9.500000e-01 0.000000e+00
-9.000000e-01 0.000000e+00
-8.500000e-01 0.000000e+00
-8.000000e-01 0.000000e+00
-7.500000e-01 0.000000e+00
-7.000000e-01 0.000000e+00
-6.500000e-01 0.000000e+00
-6.000000e-01 0.000000e+00
-5.500000e-01 0.000000e+00
-5.000000e-01 1.123583e+04
-4.500000e-01 3.716127e+04
-4.000000e-01 6.154488e+04
-3.500000e-01 7.625257e+04
-3.000000e-01 4.213423e+04
-2.500000e-01 1.913730e+04
-2.000000e-01 8.768824e+03
-1.500000e-01 4.091852e+03
-1.000000e-01 1.949593e+03
-5.000000e-02 9.468527e+02
0.000000e+00 4.539538e+02
